CONFUSION MATRIX:
[[47972  2492   698    39    57    28     9]
 [ 5988  8560   254    16    31     7     5]
 [ 2106   376  3182   481   501   155    86]
 [  472    85   596  1204   107    23     5]
 [  554    87   760    68  1251   107    32]
 [  242    39   355    28   144   200    48]
 [   97    20   172     9    50    52   150]]

CLASSIFICATION REPORT:
              precision    recall  f1-score   support

           1       0.84      0.94      0.88     51295
           2       0.73      0.58      0.65     14861
           3       0.53      0.46      0.49      6887
           4       0.65      0.48      0.56      2492
           5       0.58      0.44      0.50      2859
           6       0.35      0.19      0.25      1056
           7       0.45      0.27      0.34       550

    accuracy                           0.78     80000
   macro avg       0.59      0.48      0.52     80000
weighted avg       0.77      0.78      0.77     80000


CV Accuracy: 0.78149
